0
0.00635408
0.0136495
0.0233587
0.0388008
0.0709295
0.19592
-0.42352
-0.112701
-0.0677889
-0.0495309
-0.0395117
-0.0331209
-0.028656
-0.0253404
-0.0227682
-0.0207065
-0.0190115
-0.0175896
-0.0163769
-0.0153284
-0.0144114
-0.0136015
-0.0128802
-0.0122329
-0.0116482
-0.0111171
-0.0106322
-0.0101874
-0.00977759
-0.00939868
-0.0090471
-0.00871983
-0.00841431
-0.00812831
-0.00785992
-0.00760747
-0.00736948
-0.00714469
-0.00693194
-0.00673024
-0.00653869
-0.00635649
-0.00618292
-0.00601733
-0.00585916
-0.00570786
-0.00556296
-0.00542404
-0.00529069
-0.00516256
-0.00503932
-0.00492066
-0.00480631
-0.004696
-0.00458952
-0.00448663
-0.00438713
-0.00429085
-0.0041976
-0.00410723
-0.00401958
-0.00393452
-0.00385191
-0.00377164
-0.00369359
-0.00361765
-0.00354372
-0.00347171
-0.00340153
-0.0033331
-0.00326634
-0.00320117
-0.00313753
-0.00307535
-0.00301457
-0.00295512
-0.00289697
-0.00284004
-0.00278429
-0.00272968
-0.00267616
-0.00262368
-0.00257221
-0.00252171
-0.00247214
-0.00242346
-0.00237563
-0.00232865
-0.00228246
-0.00223704
-0.00219236
-0.0021484
-0.00210512
-0.00206252
-0.00202055
-0.0019792
-0.00193845
-0.00189827
-0.00185865
-0.50182
-0.00178101
-0.00174294
-0.00170537
-0.00166826
-0.0016316
-0.00159538
-0.00155958
-0.00152418
-0.00148918
-0.00145456
-0.00142031
-0.00138641
-0.00135286
-0.00131964
-0.00128673
-0.00125414
-0.00122184
-0.00118984
-0.00115811
-0.00112664
-0.00109544
-0.00106449
-0.00103378
-0.00100329
-0.000973036
-0.000942994
-0.000913152
-0.000883517
-0.000854071
-0.000824809
-0.000795722
-0.000766805
-0.000738049
-0.000709448
-0.000680996
-0.000652685
-0.000624509
-0.000596461
-0.000568536
-0.000540727
-0.000513027
-0.000485432
-0.000457934
-0.000430528
-0.000403209
-0.00037597
-0.000348806
-0.000321711
-0.000294679
-0.000267706
-0.000240786
-0.000213914
-0.000187083
-0.000160288
-0.000133526
-0.000106789
-8.00738e-05
-5.33739e-05
-2.66843e-05
-4.15561e-15
2.66843e-05
5.33739e-05
8.00738e-05
0.000106789
0.000133526
0.000160288
0.000187083
0.000213914
0.000240786
0.000267706
0.000294679
0.000321711
0.000348806
0.00037597
0.000403209
0.000430528
0.000457934
0.000485432
0.000513027
0.000540727
0.000568536
0.000596461
0.000624509
0.000652685
0.000680996
0.000709448
0.000738049
0.000766805
0.000795722
0.000824809
0.000854071
0.000883517
0.000913152
0.000942994
0.000973036
0.00100329
0.00103378
0.00106449
0.00109544
0.00112664
0.00115811
0.00118984
0.00122184
0.00125414
0.00128673
0.00131964
0.00135286
0.00138641
0.00142031
0.00145456
0.00148918
0.00152418
0.00155958
0.00159538
0.0016316
0.00166826
0.00170537
0.00174294
0.00178101
0.50182
0.00185865
0.00189827
0.00193845
0.0019792
0.00202055
0.00206252
0.00210512
0.0021484
0.00219236
0.00223704
0.00228246
0.00232865
0.00237563
0.00242346
0.00247214
0.00252171
0.00257221
0.00262368
0.00267616
0.00272968
0.00278429
0.00284004
0.00289697
0.00295512
0.00301457
0.00307535
0.00313753
0.00320117
0.00326634
0.0033331
0.00340153
0.00347171
0.00354372
0.00361765
0.00369359
0.00377164
0.00385191
0.00393452
0.00401958
0.00410723
0.0041976
0.00429085
0.00438713
0.00448663
0.00458952
0.004696
0.00480631
0.00492066
0.00503932
0.00516256
0.00529069
0.00542404
0.00556296
0.00570786
0.00585916
0.00601733
0.00618292
0.00635649
0.00653869
0.00673024
0.00693194
0.00714469
0.00736948
0.00760747
0.00785992
0.00812831
0.00841431
0.00871983
0.0090471
0.00939868
0.00977759
0.0101874
0.0106322
0.0111171
0.0116482
0.0122329
0.0128802
0.0136015
0.0144114
0.0153284
0.0163769
0.0175896
0.0190115
0.0207065
0.0227682
0.0253404
0.028656
0.0331209
0.0395117
0.0495309
0.0677889
0.112701
0.42352
-0.19592
-0.0709295
-0.0388008
-0.0233587
-0.0136495
-0.00635408
