0.0742238
0.0758723
0.081307
0.0924093
0.11451
0.166306
0.37955
-0.696125
-0.160168
-0.0844718
-0.0546919
-0.0389751
-0.0293693
-0.022952
-0.0183992
-0.0150259
-0.0124426
-0.0104124
-0.00878289
-0.0074521
-0.00634923
-0.00542371
-0.00463856
-0.00396613
-0.00338538
-0.00288006
-0.00243741
-0.0020473
-0.0017016
-0.00139373
-0.00111827
-0.000870783
-0.000647553
-0.000445476
-0.000261931
-9.47015e-05
5.81105e-05
0.00019813
0.000326756
0.000445201
0.000554519
0.00065563
0.000749339
0.000836354
0.000917302
0.000992734
0.00106314
0.00112897
0.00119059
0.00124837
0.00130262
0.00135362
0.00140161
0.00144685
0.00148952
0.00152982
0.00156792
0.00160398
0.00163814
0.00167053
0.00170127
0.00173047
0.00175822
0.00178462
0.00180976
0.00183372
0.00185655
0.00187835
0.00189915
0.00191903
0.00193803
0.0019562
0.00197359
0.00199025
0.00200621
0.0020215
0.00203618
0.00205025
0.00206376
0.00207674
0.00208921
0.00210119
0.00211271
0.0021238
0.00213446
0.00214473
0.00215461
0.00216414
0.00217331
0.00218215
0.00219068
0.0021989
0.00220682
0.00221447
0.00222185
0.00222897
0.00223585
0.00224249
0.0022489
0.00225509
0.00226107
0.00226685
0.00227243
0.00227783
0.00228304
0.00228807
0.00229294
0.00229765
0.00230219
0.00230659
0.00231083
0.00231493
0.0023189
0.00232273
0.00232643
0.00233001
0.00233346
0.00233679
0.00234001
0.00234312
0.00234612
0.00234901
0.0023518
0.00235448
0.00235707
0.00235957
0.00236197
0.00236429
0.00236651
0.00236864
0.00237069
0.00237266
0.00237454
0.00237635
0.00237808
0.00237973
0.00238131
0.00238281
0.00238424
0.0023856
0.00238688
0.0023881
0.00238925
0.00239034
0.00239135
0.0023923
0.00239319
0.00239401
0.00239477
0.00239547
0.0023961
0.00239667
0.00239718
0.00239763
0.00239802
0.00239835
0.00239862
0.00239883
0.00239898
0.00239906
0.00239909
0.00239906
0.00239898
0.00239883
0.00239862
0.00239835
0.00239802
0.00239763
0.00239718
0.00239667
0.0023961
0.00239547
0.00239477
0.00239401
0.00239319
0.0023923
0.00239135
0.00239034
0.00238925
0.0023881
0.00238688
0.0023856
0.00238424
0.00238281
0.00238131
0.00237973
0.00237808
0.00237635
0.00237454
0.00237266
0.00237069
0.00236864
0.00236651
0.00236429
0.00236197
0.00235957
0.00235707
0.00235448
0.0023518
0.00234901
0.00234612
0.00234312
0.00234001
0.00233679
0.00233346
0.00233001
0.00232643
0.00232273
0.0023189
0.00231493
0.00231083
0.00230659
0.00230219
0.00229765
0.00229294
0.00228807
0.00228304
0.00227783
0.00227243
0.00226685
0.00226107
0.00225509
0.0022489
0.00224249
0.00223585
0.00222897
0.00222185
0.00221447
0.00220682
0.0021989
0.00219068
0.00218215
0.00217331
0.00216414
0.00215461
0.00214473
0.00213446
0.0021238
0.00211271
0.00210119
0.00208921
0.00207674
0.00206376
0.00205025
0.00203618
0.0020215
0.00200621
0.00199025
0.00197359
0.0019562
0.00193803
0.00191903
0.00189915
0.00187835
0.00185655
0.00183372
0.00180976
0.00178462
0.00175822
0.00173047
0.00170127
0.00167053
0.00163814
0.00160398
0.00156792
0.00152982
0.00148952
0.00144685
0.00140161
0.00135362
0.00130262
0.00124837
0.00119059
0.00112897
0.00106314
0.000992734
0.000917302
0.000836354
0.000749339
0.00065563
0.000554519
0.000445201
0.000326756
0.00019813
5.81105e-05
-9.47015e-05
-0.000261931
-0.000445476
-0.000647553
-0.000870783
-0.00111827
-0.00139373
-0.0017016
-0.0020473
-0.00243741
-0.00288006
-0.00338538
-0.00396613
-0.00463856
-0.00542371
-0.00634923
-0.0074521
-0.00878289
-0.0104124
-0.0124426
-0.0150259
-0.0183992
-0.022952
-0.0293693
-0.0389751
-0.0546919
-0.0844718
-0.160168
-0.696125
0.37955
0.166306
0.11451
0.0924093
0.081307
0.0758723
