0.0359123
-1.21698
-0.317641
-0.379108
-0.964088
-0.15303
0.130647
-0.554155
0.0359123
0.630777
-0.058822
0.229653
1.03591
0.455731
0.389466
1.2936
0.901938
0.500251
1.35539
1.2211
0.535912
1.2211
1.35539
0.500251
0.901938
1.2936
0.389466
0.455731
1.03591
0.229653
-0.058822
0.630777
0.0359123
-0.554155
0.130647
-0.15303
-0.964088
-0.379108
-0.317641
-1.21698
-0.830113
-0.423628
-1.28357
-1.14448
-0.464088
-1.14448
-1.28357
-0.423628
-0.830113
-1.21698
-0.317641
-0.379108
-0.964088
-0.15303
0.130647
-0.554155
0.0359123
0.630777
-0.058822
0.229653
1.03591
0.455731
0.389466
1.2936
0.901938
0.500251
1.35539
1.2211
0.535912
1.2211
1.35539
0.500251
0.901938
1.2936
0.389466
0.455731
1.03591
0.229653
-0.058822
0.630777
0.0359123
-0.554155
0.130647
-0.15303
-0.964088
-0.379108
-0.317641
-1.21698
-0.830113
-0.423628
-1.28357
-1.14448
-0.464088
-1.14448
-1.28357
-0.423628
-0.830113
-1.21698
-0.317641
-0.379108
-0.964088
-0.15303
0.130647
-0.554155
0.0359123
0.630777
-0.058822
0.229653
1.03591
0.455731
0.389466
1.2936
0.901938
0.500251
1.35539
1.2211
0.535912
1.2211
1.35539
0.500251
0.901938
1.2936
0.389466
0.455731
1.03591
0.229653
-0.058822
0.630777
0.0359123
-0.554155
0.130647
-0.15303
-0.964088
-0.379108
-0.317641
-1.21698
-0.830113
-0.423628
-1.28357
-1.14448
-0.464088
-1.14448
-1.28357
-0.423628
-0.830113
-1.21698
-0.317641
-0.379108
-0.964088
-0.15303
0.130647
-0.554155
0.0359123
0.630777
-0.058822
0.229653
1.03591
0.455731
0.389466
1.2936
0.901938
0.500251
1.35539
1.2211
0.535912
1.2211
1.35539
0.500251
0.901938
1.2936
0.389466
0.455731
1.03591
0.229653
-0.058822
0.630777
0.0359123
-0.554155
0.130647
-0.15303
-0.964088
-0.379108
-0.317641
-1.21698
-0.830113
-0.423628
-1.28357
-1.14448
-0.464088
-1.14448
-1.28357
-0.423628
-0.830113
-1.21698
-0.317641
-0.379108
-0.964088
-0.15303
0.130647
-0.554155
0.0359123
0.630777
-0.058822
0.229653
1.03591
0.455731
0.389466
1.2936
0.901938
0.500251
1.35539
1.2211
0.535912
1.2211
1.35539
0.500251
0.901938
1.2936
0.389466
0.455731
1.03591
0.229653
-0.058822
0.630777
0.0359123
-0.554155
0.130647
-0.15303
-0.964088
-0.379108
-0.317641
-1.21698
-0.830113
-0.423628
-1.28357
-1.14448
-0.464088
-1.14448
-1.28357
-0.423628
-0.830113
-1.21698
-0.317641
-0.379108
-0.964088
-0.15303
0.130647
-0.554155
0.0359123
0.630777
-0.058822
0.229653
1.03591
0.455731
0.389466
1.2936
0.901938
0.500251
1.35539
1.2211
0.535912
1.2211
1.35539
0.500251
0.901938
1.2936
0.389466
0.455731
1.03591
0.229653
-0.058822
0.630777
0.0359123
-0.554155
0.130647
-0.15303
-0.964088
-0.379108
-0.317641
-1.21698
-0.830113
-0.423628
-1.28357
-1.14448
-0.464088
-1.14448
-1.28357
-0.423628
-0.830113
-1.21698
-0.317641
-0.379108
-0.964088
-0.15303
0.130647
-0.554155
0.0359123
0.630777
-0.058822
0.229653
1.03591
0.455731
0.389466
1.2936
0.901938
0.500251
1.35539
1.2211
0.535912
1.2211
1.35539
0.500251
0.901938
1.2936
0.389466
0.455731
1.03591
0.229653
-0.058822
0.630777
