-1.25529
-0.662827
-0.757562
-0.56622
0.43378
0.8512
1.20475
2.46005
3.32607
3.78801
5.10749
6.29028
6.79028
7.97306
9.29254
9.75448
10.6205
11.8758
12.2294
12.6468
13.6468
13.8381
13.7434
14.3358
14.3358
13.7434
13.8381
13.6468
12.6468
12.2294
11.8758
10.6205
9.75448
9.29254
7.97306
6.79028
6.29028
5.10749
3.78801
3.32607
2.46005
1.20475
0.8512
0.43378
-0.56622
-0.757562
-0.662827
-1.25529
-1.25529
-0.662827
-0.757562
-0.56622
0.43378
0.8512
1.20475
2.46005
3.32607
3.78801
5.10749
6.29028
6.79028
7.97306
9.29254
9.75448
10.6205
11.8758
12.2294
12.6468
13.6468
13.8381
13.7434
14.3358
14.3358
13.7434
13.8381
13.6468
12.6468
12.2294
11.8758
10.6205
9.75448
9.29254
7.97306
6.79028
6.29028
5.10749
3.78801
3.32607
2.46005
1.20475
0.8512
0.43378
-0.56622
-0.757562
-0.662827
-1.25529
-1.25529
-0.662827
-0.757562
-0.56622
0.43378
0.8512
1.20475
2.46005
3.32607
3.78801
5.10749
6.29028
6.79028
7.97306
9.29254
9.75448
10.6205
11.8758
12.2294
12.6468
13.6468
13.8381
13.7434
14.3358
14.3358
13.7434
13.8381
13.6468
12.6468
12.2294
11.8758
10.6205
9.75448
9.29254
7.97306
6.79028
6.29028
5.10749
3.78801
3.32607
2.46005
1.20475
0.8512
0.43378
-0.56622
-0.757562
-0.662827
-1.25529
-1.25529
-0.662827
-0.757562
-0.56622
0.43378
0.8512
1.20475
2.46005
3.32607
3.78801
5.10749
6.29028
6.79028
7.97306
9.29254
9.75448
10.6205
11.8758
12.2294
12.6468
13.6468
13.8381
13.7434
14.3358
14.3358
13.7434
13.8381
13.6468
12.6468
12.2294
11.8758
10.6205
9.75448
9.29254
7.97306
6.79028
6.29028
5.10749
3.78801
3.32607
2.46005
1.20475
0.8512
0.43378
-0.56622
-0.757562
-0.662827
-1.25529
-1.25529
-0.662827
-0.757562
-0.56622
0.43378
0.8512
1.20475
2.46005
3.32607
3.78801
5.10749
6.29028
6.79028
7.97306
9.29254
9.75448
10.6205
11.8758
12.2294
12.6468
13.6468
13.8381
13.7434
14.3358
14.3358
13.7434
13.8381
13.6468
12.6468
12.2294
11.8758
10.6205
9.75448
9.29254
7.97306
6.79028
6.29028
5.10749
3.78801
3.32607
2.46005
1.20475
0.8512
0.43378
-0.56622
-0.757562
-0.662827
-1.25529
-1.25529
-0.662827
-0.757562
-0.56622
0.43378
0.8512
1.20475
2.46005
3.32607
3.78801
5.10749
6.29028
6.79028
7.97306
9.29254
9.75448
10.6205
11.8758
12.2294
12.6468
13.6468
13.8381
13.7434
14.3358
14.3358
13.7434
13.8381
13.6468
12.6468
12.2294
11.8758
10.6205
9.75448
9.29254
7.97306
6.79028
6.29028
5.10749
3.78801
3.32607
2.46005
1.20475
0.8512
0.43378
-0.56622
-0.757562
-0.662827
-1.25529
-1.25529
-0.662827
-0.757562
-0.56622
0.43378
0.8512
1.20475
2.46005
3.32607
3.78801
5.10749
6.29028
6.79028
7.97306
9.29254
9.75448
10.6205
11.8758
12.2294
12.6468
13.6468
13.8381
13.7434
14.3358
14.3358
13.7434
13.8381
13.6468
12.6468
12.2294
11.8758
10.6205
