31.5465
9.44569e-15
8.38062e-15
3.80596e-15
6.53369e-15
10.8432
7.20669e-15
4.10448e-15
7.85605e-15
1.08634e-14
20.072
2.83105e-14
2.3061e-14
1.76559e-14
7.70454e-15
15.4629
9.99837e-15
2.52397e-14
1.15222e-14
2.9346e-14
24.4484
1.47817e-14
5.08933e-14
4.63903e-14
2.3052e-14
32.846
4.1781e-14
5.56076e-14
3.63528e-14
2.74891e-14
26.4195
7.68476e-14
5.00283e-15
6.01209e-14
8.28304e-14
23.4107
2.11698e-14
1.73678e-14
6.20707e-14
7.45287e-14
32.1262
2.26988e-13
3.41804e-14
8.01464e-14
2.3097e-13
33.7737
1.70117e-13
9.35244e-14
1.07048e-13
1.33451e-13
27.0235
5.38668e-14
8.18042e-14
5.70212e-14
1.49318e-13
23.6376
5.30607e-14
1.39944e-13
5.29259e-14
9.10011e-14
21.3031
2.82769e-14
3.3392e-14
2.33407e-14
3.23461e-14
16.4619
1.08549e-13
6.96894e-14
2.06654e-13
4.63274e-14
11.177
2.61926e-14
7.06207e-14
5.00292e-14
1.71294e-13
6.6537
5.82575e-14
4.44779e-14
1.10547e-13
1.29046e-13
3.09416
6.46874e-14
6.28662e-14
3.53651e-14
9.51075e-14
1.47849
1.79333e-13
1.46034e-14
4.15173e-14
9.92e-14
3.3129
1.58018e-13
7.71409e-14
1.7104e-14
3.48991e-14
5.0143
3.57041e-14
9.43997e-14
2.75751e-13
4.24201e-14
4.81023
1.06415e-13
1.59467e-13
1.63185e-13
1.14416e-13
3.61573
1.00411e-13
1.6165e-13
7.51437e-14
1.0389e-13
3.62697
2.80834e-13
5.13381e-14
4.84472e-14
1.04523e-13
3.06678
1.09388e-13
1.81988e-13
1.48026e-13
9.37219e-14
2.70676
1.69431e-13
1.23506e-13
5.08475e-14
1.18403e-13
3.87588
1.39329e-13
2.81652e-13
6.9371e-14
7.2794e-14
4.39416
6.86382e-14
2.65802e-13
1.88244e-13
4.37054e-14
4.57521
1.21396e-14
1.34853e-14
1.72503e-13
1.912e-13
4.68362
1.29014e-13
8.45937e-14
1.92319e-13
9.76145e-14
4.16286
2.66247e-13
1.42982e-13
1.04662e-13
3.75935e-14
3.51255
3.44284e-13
7.93349e-14
5.85633e-14
2.37249e-13
2.61502
2.68941e-13
4.42469e-13
1.723e-13
1.04551e-13
1.44194
2.62309e-13
1.54451e-13
2.1798e-13
9.10355e-14
1.03977
1.19256e-13
1.7471e-13
1.43583e-13
2.28204e-13
0.688942
6.34002e-14
1.07097e-13
1.65622e-13
1.25915e-13
0.909954
6.30722e-14
2.69702e-13
1.86745e-13
9.15908e-14
1.07814
1.8002e-13
1.24731e-13
2.01586e-13
1.48115e-13
0.754135
2.08256e-13
7.28802e-14
2.3633e-15
4.11595e-13
0.977711
1.93996e-13
1.40785e-13
2.13601e-13
2.67011e-13
1.20829
1.82298e-13
1.27061e-13
5.27062e-14
2.65479e-13
0.991279
1.44759e-13
1.57968e-13
4.54688e-13
1.86544e-13
0.769988
2.64635e-13
2.22442e-13
2.69541e-13
3.23644e-14
0.786952
4.49539e-13
1.04206e-13
2.67105e-13
1.70329e-13
0.785579
1.15441e-13
7.63266e-14
1.4756e-14
4.52312e-13
0.720379
8.36683e-14
1.4951e-13
2.65305e-13
5.45349e-13
0.817631
1.74764e-13
1.62712e-13
2.55001e-13
1.24315e-13
1.04242
1.35015e-13
3.55474e-13
1.55209e-13
1.56737e-13
1.16161
2.11736e-13
8.33931e-14
9.15965e-14
2.13217e-13
1.22948
2.5948e-13
2.46188e-14
2.08087e-13
4.4598e-13
1.29863
8.70856e-14
3.03415e-13
5.46893e-13
2.52914e-13
1.58197
1.19037e-13
1.85411e-13
1.1543e-13
1.5306e-13
1.6261
3.42207e-13
1.85748e-13
3.10507e-13
2.53097e-13
1.34429
1.0588e-13
4.24675e-13
1.94857e-13
1.75315e-13
1.07171
2.1043e-13
1.28651e-13
2.4309e-13
2.67832e-13
0.74049
2.58876e-13
9.68557e-14
1.93913e-13
4.23313e-14
0.390843
2.21965e-13
1.02107e-13
9.49608e-14
3.12245e-13
0.242314
2.45725e-13
2.27524e-13
2.06069e-13
4.7619e-13
0.765461
3.9907e-13
1.03766e-13
3.98697e-13
2.15632e-13
1.1031
1.79144e-13
6.08857e-14
1.74474e-13
4.79637e-13
1.3713
5.27769e-14
6.36392e-14
4.45303e-14
1.36453e-13
1.65441
4.52073e-13
2.37488e-14
2.26343e-13
6.01703e-13
1.59249
1.97273e-13
7.0856e-13
4.22176e-13
4.15069e-13
1.21596
4.38942e-13
4.06591e-13
2.79527e-13
1.12117e-13
1.15346
1.71577e-13
1.90429e-13
2.35977e-13
1.2888e-13
0
0
0
0
0
0
0
0
0
0
0
0
0
0
0
0
0
0
0
0
0
0
0
0
0
0
0
0
0
0
0
0
0
0
0
0
0
0
0
0
0
0
0
0
0
0
0
0
0
0
0
0
0
0
0
0
0
0
0
0
0
0
0
0
0
0
0
0
0
0
0
0
0
0
0
0
0
0
0
0
0
0
0
0
0
0
0
0
0
0
0
0
0
0
0
0
0
0
0
0
0
0
0
0
0
0
0
0
0
0
0
0
0
0
0
0
0
0
0
0
0
0
0
0
0
0
0
0
0
0
0
0
0
0
0
0
0
0
0
0
0
0
0
0
0
0
0
0
0
0
0
0
0
0
0
0
0
0
0
0
0
0
0
0
0
0
0
0
0
0
0
0
0
0
0
0
0
0
0
0
0
0
0
0
0
0
0
0
0
0
0
0
0
0
0
0
0
0
0
0
0
0
0
0
0
0
0
0
0
0
0
0
0
0
0
0
0
0
0
0
0
0
0
0
0
0
0
0
0
0
0
0
0
0
0
0
0
0
0
0
0
0
0
0
0
0
0
0
0
0
0
0
0
0
0
0
0
0
0
0
0
0
0
0
0
0
0
0
0
0
0
0
0
0
0
0
0
0
0
0
0
0
0
0
0
0
0
0
0
0
0
0
0
0
0
0
0
0
0
0
0
0
0
0
0
0
0
0
0
0
0
0
0
0
0
0
0
0
0
0
