0.0985829
-4.98055e-18
-1.56992e-17
3.15774e-18
2.0385e-17
0.0172776
-1.38475e-17
-1.27373e-17
-2.38342e-17
-3.39098e-17
-0.0485053
7.45958e-17
3.01178e-17
-5.35189e-17
-6.23416e-19
0.0326467
2.77989e-17
3.79484e-17
-3.56486e-17
-9.12037e-17
-0.0743289
3.11444e-17
8.71346e-17
4.95331e-17
6.66567e-17
-0.0251906
-6.95773e-17
1.4418e-16
4.63808e-17
6.71352e-17
0.0623677
-2.13804e-16
-1.50389e-17
1.85156e-16
2.44296e-16
-0.0665395
-4.1773e-17
-1.77267e-18
1.91093e-16
2.28504e-16
0.088721
-5.95274e-16
6.20733e-17
-2.4715e-16
-3.31912e-16
-0.022441
9.88738e-17
-3.55415e-17
-3.29293e-16
-1.52484e-16
-0.0402853
-1.2326e-17
-2.29974e-16
-4.26593e-17
3.8123e-16
0.0683241
-1.35323e-16
-2.54523e-16
-5.02243e-17
-2.81447e-16
-0.0622021
8.62388e-17
7.47693e-17
-1.34807e-17
-7.25873e-18
0.0233308
2.76261e-16
-2.46155e-17
2.1528e-16
1.31906e-16
0.00808209
-3.54859e-17
1.76018e-16
-1.07149e-16
-3.31534e-16
-0.0163199
1.82048e-16
-1.30644e-16
3.72993e-17
-1.41152e-16
0.00914328
1.84084e-16
-1.96169e-16
-1.06903e-16
-1.55744e-16
-0.00204423
-3.65094e-16
2.78654e-17
-1.02251e-16
9.40491e-17
0.00364095
1.28176e-16
-5.38645e-17
1.16552e-17
8.23736e-17
-0.0149128
-1.07461e-16
-2.27398e-16
8.59925e-16
-3.74863e-18
0.0140096
2.8114e-16
4.52592e-16
1.72606e-16
3.50033e-16
-0.00933397
3.11895e-16
-4.16169e-16
-3.23058e-17
-8.30678e-17
0.00467462
-8.54953e-16
1.55479e-16
6.38487e-17
2.63258e-16
0.0018775
2.46362e-16
2.72658e-16
-2.93419e-16
1.85499e-16
-0.00125328
1.54558e-16
3.3118e-16
-3.3014e-18
-1.65723e-16
0.00564918
7.87619e-17
-6.81141e-16
8.10346e-17
2.2282e-16
-0.0124193
-3.10122e-17
-5.41763e-16
5.31492e-16
-1.11374e-16
0.0139358
-1.21078e-17
-3.48598e-17
2.04617e-16
5.91987e-16
-0.00899034
-3.46817e-16
2.61556e-16
8.46911e-17
2.95148e-16
-0.000689382
3.81607e-16
1.75243e-16
-8.25115e-17
-6.86754e-17
0.00828116
9.2598e-16
2.23965e-16
-1.65537e-16
5.13611e-16
-0.0081682
7.779e-16
1.29258e-15
-1.3892e-16
1.73588e-16
0.00332662
5.05072e-17
-1.01275e-16
-3.58745e-16
1.92491e-16
0.000502414
-8.12759e-17
-4.25147e-16
-3.96113e-16
1.61343e-17
-0.00215275
-1.24585e-16
4.61467e-17
3.86288e-16
-3.2664e-16
-0.00191753
-1.01961e-16
-7.19497e-16
2.83484e-16
8.57672e-17
0.00325497
2.15806e-16
-3.03615e-16
1.01033e-16
2.69165e-16
-0.00160781
-5.78245e-16
-1.96552e-16
6.58517e-18
7.10678e-16
0.000512557
6.04218e-16
4.09964e-16
-6.56941e-16
2.95212e-16
0.00243967
3.75183e-16
3.13982e-16
9.08507e-17
-6.82807e-17
-0.00306477
-2.81467e-16
-3.14083e-16
3.79463e-16
-2.17681e-17
0.00214432
4.18506e-16
4.60108e-16
8.37453e-16
9.80966e-17
-0.000941872
4.8748e-16
1.92739e-16
1.0306e-16
-5.30882e-16
-0.00045006
2.37616e-16
-2.56387e-17
3.03685e-17
-8.98165e-16
0.00174236
-1.15862e-16
-4.53661e-16
4.91754e-16
-1.70045e-15
-0.00255489
3.57746e-16
-1.97973e-16
3.07281e-16
3.81878e-16
0.0029532
6.03643e-17
-9.99989e-16
-4.84904e-16
-4.42494e-16
-0.00103004
6.57047e-16
-1.03735e-17
-2.23716e-16
6.34083e-16
-0.00209273
-1.46077e-16
-4.3856e-17
7.25751e-17
5.01674e-16
0.00338684
-1.6042e-16
-6.97893e-16
5.89543e-16
-1.03592e-16
-0.00492903
2.65414e-16
-2.03751e-16
-1.77834e-16
-2.94608e-16
0.00264749
9.47078e-16
-1.88536e-16
6.40216e-16
-1.61356e-17
0.00111888
1.42468e-16
-3.19593e-16
3.69343e-16
5.32025e-16
-0.0024692
-1.36623e-16
3.94236e-16
5.30072e-16
-8.36153e-16
0.00231284
-8.07423e-16
2.20456e-16
4.67884e-16
-1.1002e-16
-0.000296454
-2.59426e-16
-5.56961e-17
-2.96643e-16
-5.58832e-16
-0.000567376
7.56357e-16
-6.08122e-16
-3.12163e-16
1.10171e-15
-0.000876754
-6.28221e-16
3.08024e-16
-1.01246e-15
3.1743e-16
0.00314136
-3.94318e-16
8.97841e-17
-3.43735e-16
-9.82127e-16
-0.00400024
1.4924e-16
-1.24679e-16
4.14802e-17
4.25848e-16
0.00266439
9.51803e-16
-7.30759e-17
-5.76416e-16
-1.54625e-15
0.000851413
-4.339e-16
1.37551e-15
-9.09375e-19
1.00744e-15
-0.0028161
1.3021e-15
-5.9869e-16
-8.72011e-16
-2.51439e-16
0.0032496
-3.76531e-16
5.86448e-16
6.02957e-16
4.02724e-16
-0.00422116
-8.92258e-17
1.2133e-15
-2.54728e-16
7.93324e-16
0.0032496
-1.44605e-15
6.78379e-16
-2.89211e-16
-1.34869e-15
-0.0028161
1.49807e-15
5.74105e-16
2.95475e-16
-6.97219e-16
0.000851413
2.65098e-16
7.17904e-16
6.21551e-16
3.52074e-16
0.00266439
-8.2684e-16
-3.17122e-16
-1.24803e-16
-3.40927e-17
-0.00400024
-7.03078e-16
6.1648e-16
5.81837e-17
1.38446e-16
0.00314136
1.07954e-16
-2.49483e-17
-1.33194e-15
-1.44843e-15
-0.000876754
-1.34652e-15
-2.47188e-15
4.26405e-16
7.99098e-16
-0.000567376
-1.25121e-16
6.93158e-17
-1.0427e-15
-1.16395e-15
-0.000296454
-4.88596e-16
8.40354e-16
-9.79157e-17
1.23572e-15
0.00231284
-1.1966e-15
-7.05839e-16
1.45262e-15
1.46031e-15
-0.0024692
-8.44955e-16
-5.97469e-16
1.406e-15
1.60187e-16
0.00111888
7.39667e-16
8.03009e-16
3.37561e-16
2.27978e-16
0.00264749
8.49601e-16
1.09076e-16
-2.65027e-16
-5.05105e-16
-0.00492903
4.95911e-16
7.6621e-16
-4.71018e-16
-6.89855e-16
0.00338684
9.94055e-16
6.11509e-16
1.59533e-15
1.51571e-15
-0.00209273
-1.21811e-15
2.53899e-15
-3.71306e-16
2.84036e-16
-0.00103004
-5.62288e-16
-1.1809e-15
-5.88753e-16
7.71147e-16
0.0029532
-5.99156e-16
4.65365e-16
-6.52055e-16
9.58845e-16
-0.00255489
-8.86654e-16
-3.10207e-15
1.47201e-15
7.10871e-17
0.00174236
-8.71143e-16
-1.23632e-15
1.72765e-16
-2.13993e-16
-0.00045006
-9.89383e-16
-6.0129e-16
5.92165e-16
2.18977e-16
-0.000941872
4.09167e-16
-1.04924e-15
-1.50441e-15
-5.93162e-16
0.00214432
-1.65984e-15
6.62041e-16
1.01198e-16
-5.36462e-16
-0.00306477
-1.50194e-15
-2.70217e-16
-6.43745e-17
8.28829e-16
0.00243967
6.52217e-16
1.61733e-16
-1.01893e-15
1.58624e-15
0.000512557
5.63541e-17
-3.86887e-16
-1.3592e-15
-1.11943e-15
-0.00160781
1.17728e-16
-7.53064e-16
9.56998e-16
-1.90634e-15
0.00325497
-3.06104e-16
-4.53777e-16
5.81898e-16
1.42521e-16
-0.00191753
1.00296e-15
-8.68065e-16
-1.51561e-17
2.21564e-16
-0.00215275
-1.50642e-15
-1.56171e-15
7.67073e-18
-7.01148e-16
0.000502414
-3.76522e-16
-1.16484e-15
-5.4102e-16
-4.79885e-16
0.00332662
-4.86278e-17
6.89376e-17
2.24142e-15
2.41106e-15
-0.0081682
2.94655e-15
4.36482e-16
-8.68897e-16
-6.62927e-16
0.00828116
-1.20338e-15
-4.24661e-16
-1.93082e-15
-7.73917e-17
-0.000689382
-4.5561e-16
-4.7547e-16
1.65845e-16
-1.39201e-16
-0.00899034
-1.47789e-15
-4.4616e-16
1.33443e-15
-1.47853e-16
0.0139358
-3.00743e-16
-1.314e-15
-2.17333e-15
-2.51379e-15
-0.0124193
-8.22438e-16
-3.24625e-16
-5.85103e-17
-1.62808e-15
0.00564918
1.36266e-15
-2.38538e-15
-3.88459e-15
-2.72596e-15
-0.00125328
-1.3532e-15
1.87301e-15
1.98542e-16
2.79701e-16
0.0018775
-3.17441e-16
1.65216e-16
-2.41811e-15
-2.29282e-15
0.00467462
1.14636e-15
-3.58156e-17
-1.34331e-15
3.22012e-15
-0.00933397
2.07982e-15
-7.21496e-17
-8.47602e-17
-1.19871e-15
0.0140096
-3.7504e-16
6.03617e-16
-3.31474e-15
2.54665e-15
-0.0149128
-4.50851e-16
6.86937e-17
-1.05018e-15
5.29789e-16
0.00364095
7.83454e-16
3.90683e-16
8.36003e-16
1.88642e-15
-0.00204423
-2.24337e-15
-6.98968e-16
-3.25199e-16
-8.41893e-16
0.00914328
-5.75711e-18
-8.71025e-16
3.28324e-17
-9.34718e-16
-0.0163199
-1.50101e-15
1.71289e-15
-1.8299e-15
2.74559e-15
0.00808209
1.89908e-15
1.08384e-15
3.45173e-16
7.95199e-16
0.0233308
-1.23844e-15
1.19511e-15
-1.5274e-15
1.89747e-15
-0.0622021
-2.67644e-15
3.65734e-16
1.73676e-15
2.33416e-15
0.0683241
-1.63883e-15
-1.11853e-15
-6.8381e-16
-2.03471e-16
-0.0402853
4.07775e-15
-3.40711e-17
-1.57683e-15
2.22382e-15
-0.022441
1.72308e-15
1.92066e-15
2.30381e-15
1.20204e-16
0.088721
1.23918e-15
-1.14796e-15
-1.59632e-15
-4.04493e-15
-0.0665395
4.07716e-15
-2.81564e-15
3.23771e-15
5.55287e-16
0.0623677
-3.33794e-15
-9.90595e-17
-1.31871e-15
3.43216e-15
-0.0251906
1.32821e-15
-3.96009e-15
7.90705e-16
1.036e-16
-0.0743289
7.98459e-16
2.66504e-15
-8.48093e-16
2.29691e-15
0.0326467
-1.87018e-15
2.33297e-15
-1.0285e-15
1.01654e-15
-0.0485053
2.5583e-15
1.22384e-15
1.48414e-15
3.85692e-15
0.0172776
2.40767e-15
4.89898e-16
-4.62167e-15
7.07639e-15
