0
2.90946e-17
-2.09624e-17
1.14668e-17
-1.15603e-18
-0.0291492
1.77606e-17
-1.50975e-18
-5.88586e-18
-1.61546e-18
-0.03977
4.75653e-17
6.54706e-17
1.34151e-17
-2.40686e-17
-0.0356255
-1.4264e-17
6.9145e-17
5.06729e-18
-9.58841e-18
-0.0176736
-3.41144e-17
1.33048e-16
1.36245e-16
2.73185e-17
0.0995048
1.10482e-16
-9.70022e-17
-1.03703e-16
-5.35935e-17
-0.0540979
1.09359e-16
4.27176e-18
3.18647e-17
8.55571e-17
0.0304082
5.1299e-17
-5.42453e-17
3.32877e-17
4.505e-17
0.0469853
-3.85756e-16
-8.69259e-17
-4.05695e-17
-6.4094e-16
-0.103129
5.22339e-16
-2.90095e-16
5.89332e-17
3.88158e-16
0.0742202
-1.67882e-16
1.11637e-16
-1.7301e-16
-2.69069e-16
-0.0280756
9.58231e-17
3.55629e-16
1.57583e-16
4.07281e-17
-0.0237223
-1.9269e-17
7.27906e-17
7.1683e-17
1.00821e-16
0.0458488
-1.96844e-16
-2.16384e-16
6.08855e-16
-5.96664e-17
-0.0339803
-7.37596e-17
-1.33122e-16
1.13849e-16
4.20267e-16
0.0128842
1.52534e-18
-4.74489e-17
-3.43441e-16
-3.77758e-16
-0.00314562
-8.35283e-17
-1.06333e-17
-2.80253e-17
-2.53137e-16
0.00414344
-4.25174e-16
3.61405e-17
7.98596e-17
-2.95389e-16
-0.00969144
-4.7688e-16
2.3497e-16
5.21637e-17
-7.14747e-17
0.00481123
-3.00216e-17
1.87922e-16
-5.56358e-17
1.3251e-16
0.0054489
-1.77616e-16
2.0856e-16
4.79854e-16
-7.29295e-17
-0.00636772
3.43719e-17
-2.86332e-16
-2.32591e-16
3.13849e-16
0.0103254
1.98107e-16
-3.95558e-17
1.37276e-16
-1.93353e-16
-0.00939797
-2.3698e-16
-4.99092e-16
-3.57611e-16
2.26648e-16
0.00836527
5.06411e-16
-1.98195e-16
1.58864e-16
3.3082e-16
-0.010714
4.2822e-16
5.57435e-16
-2.01069e-16
4.58157e-17
0.00585842
2.12241e-16
-6.29637e-16
2.52127e-16
-7.9056e-17
0.00319581
-3.59521e-17
-2.3679e-17
4.98728e-16
8.09811e-17
-0.0115497
2.05579e-16
-3.83713e-17
5.94999e-16
-7.70719e-17
0.0129907
7.3935e-16
-4.11018e-16
-3.16489e-16
-9.53163e-17
-0.00720492
5.47809e-16
-1.06324e-16
7.80399e-17
5.34681e-16
-0.000247023
-3.1814e-16
-4.91066e-16
-5.20207e-16
-2.76791e-16
0.00303944
-8.18157e-16
-4.71914e-16
5.79067e-16
2.09475e-16
-0.00321019
3.63706e-16
3.42539e-16
2.10765e-16
7.12954e-16
2.89788e-05
-1.54053e-16
-3.3148e-16
3.4447e-16
2.19398e-16
0.0020998
-1.68679e-16
-4.38941e-16
5.101e-16
2.73069e-16
0.000869837
5.19523e-16
-2.44436e-16
-6.21801e-16
-3.76549e-16
-0.00172304
-2.98616e-16
1.15056e-16
3.34341e-18
1.07207e-15
0.00301205
4.94332e-17
-1.59649e-16
1.1827e-16
-7.80441e-16
-0.00288194
4.28691e-16
2.43059e-16
-1.37385e-16
-8.26807e-16
0.000450777
3.54142e-16
-3.80844e-16
1.36929e-15
5.82545e-16
0.00109168
7.1327e-16
-5.21063e-16
9.03804e-17
2.46195e-17
-0.00227171
-1.31752e-15
-2.62481e-16
-8.28317e-16
-3.85366e-17
0.00241333
-2.71445e-16
-2.37139e-16
-3.47002e-17
1.09142e-15
-0.00142549
-2.34391e-16
-1.11738e-16
6.67493e-16
-1.13238e-16
3.28233e-05
-4.12655e-16
-4.68351e-16
-7.35252e-16
-7.13466e-17
0.00137486
-4.1758e-16
-4.83757e-16
1.09613e-17
2.10018e-16
-0.00348081
-7.81303e-17
-2.60397e-16
1.78561e-16
-2.04688e-16
0.00322218
7.9761e-16
-6.32097e-17
-6.46209e-16
-1.30027e-15
-0.0022357
2.19834e-16
6.41853e-16
1.60414e-15
7.83537e-16
-0.00037996
-2.60639e-16
-5.42402e-16
-3.13836e-16
-3.76816e-16
0.0043374
4.96643e-16
5.48991e-16
-7.29159e-16
-7.90764e-16
-0.00404915
-2.98633e-16
1.28805e-15
-4.84129e-16
-1.30756e-16
0.00226265
-6.43244e-16
7.88073e-17
-5.44154e-16
3.71144e-17
7.44173e-05
-5.0267e-17
-2.0739e-16
-3.8509e-16
-7.34506e-17
-0.00118486
-6.43301e-16
-3.14186e-16
8.05291e-18
7.9989e-16
-0.00050148
-1.32588e-16
3.68412e-16
-5.63246e-16
-1.00033e-15
0.0022256
1.0773e-15
1.01347e-16
7.26128e-16
5.94402e-16
-0.00141947
-3.97389e-16
-1.67752e-16
-4.2323e-16
-1.13226e-15
-0.00153689
7.02034e-17
-1.54937e-16
-1.32831e-16
2.20283e-17
0.00443062
-1.04397e-15
1.29522e-17
4.0994e-16
-1.06991e-15
-0.00490314
4.37921e-16
1.73519e-15
-1.3193e-15
-8.17015e-16
0.00255121
4.31355e-16
-1.12071e-15
-5.13681e-17
2.43997e-16
-0.00155979
3.81723e-16
1.01046e-16
4.24548e-16
4.64445e-18
-3.13318e-17
4.70777e-16
3.63042e-16
1.46927e-15
-1.43145e-15
0.00155979
-6.98408e-16
4.03892e-16
1.36702e-15
5.91476e-16
-0.00255121
1.87979e-15
1.11678e-15
2.15715e-17
5.47813e-16
0.00490314
-1.44721e-15
-1.15241e-16
3.21795e-16
-2.17949e-16
-0.00443062
-2.52012e-16
-7.03829e-16
1.17132e-16
-1.93148e-15
0.00153689
-9.07875e-16
6.86712e-16
8.14405e-17
-6.15481e-16
0.00141947
-6.79976e-16
-2.21245e-16
-2.15194e-16
-6.33445e-16
-0.0022256
1.48545e-15
3.64522e-16
-2.1109e-16
8.34085e-16
0.00050148
-7.09736e-16
-9.97209e-17
-7.78891e-17
5.63854e-16
0.00118486
1.56496e-16
1.12152e-15
4.18636e-16
4.7124e-16
-7.44173e-05
5.53579e-16
5.90525e-16
-1.04407e-16
5.94514e-16
-0.00226265
-2.82344e-16
-6.8641e-16
8.65393e-16
2.54197e-15
0.00404915
-1.18297e-15
5.13213e-16
-1.04145e-15
-9.95969e-16
-0.0043374
1.01784e-15
-1.97344e-16
-1.11585e-15
1.67546e-15
0.00037996
3.23935e-16
2.51535e-18
-2.37065e-15
1.1741e-16
0.0022357
1.64189e-15
3.12347e-16
1.20272e-15
1.54111e-15
-0.00322218
-3.87385e-16
2.03991e-15
1.12907e-15
1.48605e-15
0.00348081
-2.29847e-16
-8.68308e-16
-2.79976e-16
6.14173e-17
-0.00137486
9.27753e-16
-2.25022e-15
7.90759e-16
3.8598e-16
-3.28233e-05
9.01339e-16
3.57567e-16
1.37303e-15
3.66994e-16
0.00142549
-8.36014e-16
-7.11101e-16
-4.63012e-16
-1.26356e-15
-0.00241333
3.68547e-16
1.36201e-15
-9.80403e-17
-4.98026e-16
0.00227171
1.19883e-15
-2.5121e-16
-8.48896e-17
3.17563e-17
-0.00109168
-5.80571e-16
7.25836e-16
1.20204e-15
1.13003e-15
-0.000450777
-3.02201e-16
-3.87223e-16
3.5847e-16
-1.72938e-16
0.00288194
-8.90442e-16
4.37596e-16
1.04432e-15
-8.89452e-18
-0.00301205
2.39141e-15
-1.80861e-15
2.29268e-15
-3.93765e-16
0.00172304
-7.29564e-16
-1.29969e-17
-2.29494e-16
2.70283e-16
-0.000869837
-1.0193e-15
-2.07306e-15
2.15937e-16
-4.62044e-16
-0.0020998
7.67249e-17
-5.23998e-16
-4.36351e-17
-1.46406e-15
-2.89788e-05
1.55248e-16
-9.27994e-16
4.53335e-16
3.59564e-17
0.00321019
-4.32197e-17
-1.38306e-15
-4.5834e-16
-3.02516e-15
-0.00303944
1.23214e-16
1.19126e-15
5.85838e-16
1.31892e-15
0.000247023
-1.05384e-15
1.39454e-15
-2.07654e-15
3.21348e-16
0.00720492
-2.29798e-16
-5.97956e-16
-1.32666e-15
-6.5343e-16
-0.0129907
1.65513e-15
3.73317e-16
5.63687e-16
4.48569e-16
0.0115497
-8.83875e-16
5.53195e-16
1.48169e-15
-1.56757e-16
-0.00319581
-2.45271e-15
-8.58951e-16
-6.43207e-16
-1.99823e-15
-0.00585842
3.51145e-16
-8.10455e-16
-1.21329e-15
-3.5589e-15
0.010714
-4.21023e-17
-2.72835e-15
-2.24538e-15
1.67532e-15
-0.00836527
3.53947e-16
7.37973e-16
-3.81245e-16
1.17276e-15
0.00939797
6.84462e-16
-5.16304e-16
1.52394e-15
-9.24736e-16
-0.0103254
-1.93865e-15
-1.18141e-16
-5.09862e-16
1.08401e-15
0.00636772
-1.23293e-15
1.58602e-17
8.4911e-16
1.85187e-15
-0.0054489
4.49999e-16
5.50666e-16
-1.94521e-15
1.60693e-15
-0.00481123
-2.85436e-15
4.05988e-16
-5.48437e-17
-1.72304e-15
0.00969144
-2.3429e-15
1.25787e-15
-1.87045e-15
-2.95452e-15
-0.00414344
-3.2099e-16
-1.60934e-15
8.68451e-16
-1.52101e-16
0.00314562
-6.32063e-17
-6.87148e-16
-1.69344e-15
1.17384e-15
-0.0128842
-8.68842e-16
4.25433e-16
1.04092e-16
-1.74803e-15
0.0339803
6.41441e-18
-4.26067e-16
-2.57172e-15
-1.09227e-15
-0.0458488
7.99048e-16
-9.57584e-16
2.92078e-16
8.70208e-17
0.0237223
2.8772e-17
1.47194e-15
-1.43237e-17
3.81233e-16
0.0280756
-2.81608e-15
-1.12919e-15
-1.08876e-15
-1.04303e-15
-0.0742202
1.39944e-16
3.11123e-16
3.54095e-15
2.32053e-15
0.103129
-3.2959e-15
-3.23708e-15
-1.99773e-15
1.14446e-15
-0.0469853
-7.15022e-16
6.8149e-16
-3.46228e-16
-8.43308e-16
-0.0304082
4.97233e-16
-3.91663e-16
1.00504e-15
3.13135e-15
0.0540979
1.32067e-15
9.99949e-16
-4.99855e-15
2.4625e-15
-0.0995048
1.18656e-15
2.09402e-15
1.19173e-15
-1.03887e-16
0.0176736
2.03537e-16
2.0606e-15
7.53938e-16
3.58388e-15
0.0356255
-1.24292e-16
4.71716e-16
-2.48365e-16
-1.32445e-16
0.03977
-4.68627e-16
1.12043e-15
-3.66218e-15
-8.8635e-16
0.0291492
-2.61366e-15
-4.15422e-15
-1.03271e-15
-4.23144e-16
