0
-0.00321982
-0.00191628
0.00290429
0.00211439
-0.00664718
-0.0150762
-0.00564195
0.0205022
0.0202294
-0.0309058
-0.0715141
-0.0146175
0.148803
0.356463
0.565668
0.798898
1.12542
1.53657
1.93113
2.24249
2.48775
2.70052
2.88927
3.03688
3.11753
3.13432
3.10848
3.03373
2.89872
2.71797
2.49247
2.21911
1.91003
1.57175
1.20167
0.811294
0.411741
0.00127653
-0.41095
-0.810946
-1.19931
-1.57063
-1.91018
-2.21731
-2.4912
-2.7186
-2.89774
-3.0325
-3.11314
-3.13702
-3.11214
-3.03373
-2.89872
-2.71797
-2.49247
-2.21911
-1.91003
-1.57175
-1.20167
-0.811294
-0.411741
-0.00127653
0.41095
0.810946
1.19931
1.57063
1.91018
2.21731
2.4912
2.7186
2.89774
3.0325
3.11314
3.13702
3.11214
3.03373
2.89872
2.71797
2.49247
2.21911
1.91003
1.57175
1.20167
0.811294
0.411741
0.00127653
-0.41095
-0.810946
-1.19931
-1.57063
-1.91018
-2.21731
-2.4912
-2.7186
-2.89774
-3.0325
-3.11314
-3.13702
-3.11214
-3.03373
-2.89872
-2.71797
-2.49247
-2.21911
-1.91003
-1.57175
-1.20167
-0.811294
-0.411741
-0.00127653
0.41095
0.810946
1.19931
1.57063
1.91018
2.21731
2.4912
2.7186
2.89774
3.0325
3.11314
3.13702
3.11214
3.03373
2.89872
2.71797
2.49247
2.21911
1.91003
1.57175
1.20167
0.811294
0.411741
0.00127653
-0.41095
-0.810946
-1.19931
-1.57063
-1.91018
-2.21731
-2.4912
-2.7186
-2.89774
-3.0325
-3.11314
-3.13702
-3.11214
-3.03373
-2.89872
-2.71797
-2.49247
-2.21911
-1.91003
-1.57175
-1.20167
-0.811294
-0.411741
-0.00127653
0.41095
0.810946
1.19931
1.57063
1.91018
2.21731
2.4912
2.7186
2.89774
3.0325
3.11314
3.13702
3.11214
3.03373
2.89872
2.71797
2.49247
2.21911
1.91003
1.57175
1.20167
0.811294
0.411741
0.00127653
-0.41095
-0.810946
-1.19931
-1.57063
-1.91018
-2.21731
-2.4912
-2.7186
-2.89774
-3.0325
-3.11314
-3.13702
-3.11214
-3.03373
-2.89872
-2.71797
-2.49247
-2.21911
-1.91003
-1.57175
-1.20167
-0.811294
-0.411741
-0.00127653
0.41095
0.810946
1.19931
1.57063
1.91018
2.21731
2.4912
2.7186
2.89774
3.0325
3.11314
3.13702
3.11214
3.03373
2.89872
2.71797
2.49247
2.21911
1.91003
1.57175
1.20167
0.811294
0.411741
0.00127653
-0.41095
-0.810946
-1.19931
-1.57063
-1.91018
-2.21731
-2.4912
-2.7186
-2.89774
-3.0325
-3.11314
-3.13702
-3.11214
-3.03373
-2.89872
-2.71797
-2.49247
-2.21911
-1.91003
-1.57175
-1.20167
-0.811294
-0.411741
-0.00127653
0.41095
0.810946
1.19931
1.57063
1.91018
2.21731
2.4912
2.7186
2.89774
3.0325
3.11314
3.13702
3.11214
3.03373
2.89872
2.71797
2.49247
2.21911
1.91003
1.57175
1.20167
0.811294
0.411741
0.00127653
-0.41095
-0.810946
-1.19931
-1.57063
-1.91018
-2.21731
-2.4912
-2.7186
-2.89774
-3.0325
-3.11314
-3.13702
-3.11214
-3.03373
-2.89872
-2.71797
-2.49247
-2.21911
-1.91003
-1.57175
-1.20167
-0.811294
-0.411741
-0.00127653
0.41095
0.810946
1.19931
1.57063
1.91018
2.21731
2.4912
2.7186
2.89774
3.0325
3.11314
3.13702
3.11214
3.03373
2.89872
2.71797
2.49247
2.2144
1.90396
1.56788
1.20561
0.818583
0.400487
-0.0323456
-0.426208
-0.768517
-1.1384
-1.60613
-2.07397
-2.25162
-1.87988
-1.04582
-0.21129
0.207658
0.169714
-0.0301684
-0.106422
-0.0329105
0.043643
0.0385287
-0.00423805
-0.0208191
-0.00615429
0.00913334
0.00773912
0
